938512467145967823627483591854196732761325984392874615489251376273649158516738249
789413652326758941514296378642371895137985264958642137275839416463127589891564723
673812459428395761159647238864723195932156874715489623391264587247538916586971342
379621845485397216261854397837462951512978634694135728958713462143286579726549183
326785419418269753597413628954872136163954872872631594635128947741396285289547361
327569481518243967964871352673958124495127836281634579146382795859716243732495618
274138965385469127691725843823954716457216398916387452538691274142573689769842531
154637892932458167678912345216375984597184236483269751869741523321596478745823619
195246738632718594874539612417852369923467185586193427749621853268375941351984276
658142973341679852972358164863497215529831746417526389736914528194285637285763491
